object FrmPesqPedidos: TFrmPesqPedidos
  Left = 0
  Top = 0
  Caption = 'Form1'
  ClientHeight = 237
  ClientWidth = 634
  FormFactor.Width = 320
  FormFactor.Height = 480
  FormFactor.Devices = [Desktop]
  DesignerMasterStyle = 0
  object edtDescricao: TEdit
    Touch.InteractiveGestures = [LongTap, DoubleTap]
    TabOrder = 1
    Position.X = 114.000000000000000000
    Position.Y = 48.000000000000000000
    Size.Width = 255.000000000000000000
    Size.Height = 22.000000000000000000
    Size.PlatformDefault = False
  end
  object Label1: TLabel
    StyledSettings = [Family, Style, FontColor]
    Position.X = 8.000000000000000000
    Position.Y = 48.000000000000000000
    Size.Width = 59.000000000000000000
    Size.Height = 22.000000000000000000
    Size.PlatformDefault = False
    TextSettings.Font.Size = 14.000000000000000000
    Text = 'Produto:'
  end
  object Label2: TLabel
    StyledSettings = [Family, Style, FontColor]
    Position.X = 224.000000000000000000
    Position.Y = 16.000000000000000000
    Size.Width = 265.000000000000000000
    Size.Height = 22.000000000000000000
    Size.PlatformDefault = False
    TextSettings.Font.Size = 18.000000000000000000
    Text = 'Pesquisa de Pedidos'
  end
  object grdPedidos: TGrid
    Position.X = 8.000000000000000000
    Position.Y = 74.000000000000000000
    Size.Width = 616.000000000000000000
    Size.Height = 152.000000000000000000
    Size.PlatformDefault = False
    StyleLookup = 'gridstyle'
    TabOrder = 4
    RowCount = 100
    RowHeight = 21.000000000000000000
    Viewport.Width = 612.000000000000000000
    Viewport.Height = 127.000000000000000000
  end
  object dtData1: TDateEdit
    Date = 44669.000000000000000000
    Position.X = 374.000000000000000000
    Position.Y = 48.000000000000000000
    Size.Width = 90.000000000000000000
    Size.Height = 22.000000000000000000
    Size.PlatformDefault = False
    TabOrder = 9
  end
  object dtData2: TDateEdit
    Date = 44669.000000000000000000
    Position.X = 482.000000000000000000
    Position.Y = 48.000000000000000000
    Size.Width = 87.000000000000000000
    Size.Height = 22.000000000000000000
    Size.PlatformDefault = False
    TabOrder = 10
  end
  object Edit1: TEdit
    Touch.InteractiveGestures = [LongTap, DoubleTap]
    TabOrder = 0
    Position.X = 65.000000000000000000
    Position.Y = 48.000000000000000000
    Size.Width = 45.000000000000000000
    Size.Height = 22.000000000000000000
    Size.PlatformDefault = False
  end
  object btnfiltrar: TButton
    Position.X = 572.000000000000000000
    Position.Y = 48.000000000000000000
    Size.Width = 52.000000000000000000
    Size.Height = 22.000000000000000000
    Size.PlatformDefault = False
    TabOrder = 11
    Text = 'Filtrar'
  end
  object Label3: TLabel
    StyledSettings = [Family, Style, FontColor]
    Position.X = 468.000000000000000000
    Position.Y = 48.000000000000000000
    Size.Width = 15.000000000000000000
    Size.Height = 22.000000000000000000
    Size.PlatformDefault = False
    TextSettings.Font.Size = 14.000000000000000000
    Text = #224
  end
  object ActionList1: TActionList
    Left = 135
    Top = 151
    object actSair: TAction
      Text = 'actSair'
      ShortCut = 27
    end
  end
  object BindingsList1: TBindingsList
    Methods = <>
    OutputConverters = <>
    Left = 297
    Top = 150
    object LinkGridToDataSourceBindSourceDB1: TLinkGridToDataSource
      Category = 'Quick Bindings'
      DataSource = BSprodutos
      GridControl = grdPedidos
      Columns = <>
    end
  end
  object cdsProdutos: TClientDataSet
    Aggregates = <>
    Params = <>
    Left = 54
    Top = 153
  end
  object BSprodutos: TBindSourceDB
    DataSet = cdsProdutos
    ScopeMappings = <>
    Left = 216
    Top = 150
  end
end
